{
 "cells": [
  {
   "cell_type": "markdown",
   "metadata": {},
   "source": [
    "Exercise 1 Simple neural network\n",
    "Implement a simple neural network that predicts the class of iris plant basing on its parameters. \n",
    "Use 2 hidden layers. The layers should be fully connected with RELu activation function, except for the output layer, which should use softmax function.\n",
    " No regularisation or optimalisation are needed. No batching is needed. \n"
   ]
  },
  {
   "cell_type": "code",
   "execution_count": 1,
   "metadata": {},
   "outputs": [],
   "source": [
    "import numpy as np\n",
    "from sklearn import datasets\n",
    "from sklearn.model_selection import train_test_split\n",
    "iris = datasets.load_iris()\n"
   ]
  },
  {
   "cell_type": "code",
   "execution_count": 2,
   "metadata": {},
   "outputs": [
    {
     "name": "stdout",
     "output_type": "stream",
     "text": [
      ".. _iris_dataset:\n",
      "\n",
      "Iris plants dataset\n",
      "--------------------\n",
      "\n",
      "**Data Set Characteristics:**\n",
      "\n",
      ":Number of Instances: 150 (50 in each of three classes)\n",
      ":Number of Attributes: 4 numeric, predictive attributes and the class\n",
      ":Attribute Information:\n",
      "    - sepal length in cm\n",
      "    - sepal width in cm\n",
      "    - petal length in cm\n",
      "    - petal width in cm\n",
      "    - class:\n",
      "            - Iris-Setosa\n",
      "            - Iris-Versicolour\n",
      "            - Iris-Virginica\n",
      "\n",
      ":Summary Statistics:\n",
      "\n",
      "============== ==== ==== ======= ===== ====================\n",
      "                Min  Max   Mean    SD   Class Correlation\n",
      "============== ==== ==== ======= ===== ====================\n",
      "sepal length:   4.3  7.9   5.84   0.83    0.7826\n",
      "sepal width:    2.0  4.4   3.05   0.43   -0.4194\n",
      "petal length:   1.0  6.9   3.76   1.76    0.9490  (high!)\n",
      "petal width:    0.1  2.5   1.20   0.76    0.9565  (high!)\n",
      "============== ==== ==== ======= ===== ====================\n",
      "\n",
      ":Missing Attribute Values: None\n",
      ":Class Distribution: 33.3% for each of 3 classes.\n",
      ":Creator: R.A. Fisher\n",
      ":Donor: Michael Marshall (MARSHALL%PLU@io.arc.nasa.gov)\n",
      ":Date: July, 1988\n",
      "\n",
      "The famous Iris database, first used by Sir R.A. Fisher. The dataset is taken\n",
      "from Fisher's paper. Note that it's the same as in R, but not as in the UCI\n",
      "Machine Learning Repository, which has two wrong data points.\n",
      "\n",
      "This is perhaps the best known database to be found in the\n",
      "pattern recognition literature.  Fisher's paper is a classic in the field and\n",
      "is referenced frequently to this day.  (See Duda & Hart, for example.)  The\n",
      "data set contains 3 classes of 50 instances each, where each class refers to a\n",
      "type of iris plant.  One class is linearly separable from the other 2; the\n",
      "latter are NOT linearly separable from each other.\n",
      "\n",
      "|details-start|\n",
      "**References**\n",
      "|details-split|\n",
      "\n",
      "- Fisher, R.A. \"The use of multiple measurements in taxonomic problems\"\n",
      "  Annual Eugenics, 7, Part II, 179-188 (1936); also in \"Contributions to\n",
      "  Mathematical Statistics\" (John Wiley, NY, 1950).\n",
      "- Duda, R.O., & Hart, P.E. (1973) Pattern Classification and Scene Analysis.\n",
      "  (Q327.D83) John Wiley & Sons.  ISBN 0-471-22361-1.  See page 218.\n",
      "- Dasarathy, B.V. (1980) \"Nosing Around the Neighborhood: A New System\n",
      "  Structure and Classification Rule for Recognition in Partially Exposed\n",
      "  Environments\".  IEEE Transactions on Pattern Analysis and Machine\n",
      "  Intelligence, Vol. PAMI-2, No. 1, 67-71.\n",
      "- Gates, G.W. (1972) \"The Reduced Nearest Neighbor Rule\".  IEEE Transactions\n",
      "  on Information Theory, May 1972, 431-433.\n",
      "- See also: 1988 MLC Proceedings, 54-64.  Cheeseman et al\"s AUTOCLASS II\n",
      "  conceptual clustering system finds 3 classes in the data.\n",
      "- Many, many more ...\n",
      "\n",
      "|details-end|\n",
      "\n"
     ]
    }
   ],
   "source": [
    "print(iris.DESCR)\n"
   ]
  },
  {
   "cell_type": "code",
   "execution_count": 3,
   "metadata": {},
   "outputs": [],
   "source": [
    "X = iris.data\n",
    "y = iris.target"
   ]
  },
  {
   "cell_type": "code",
   "execution_count": 4,
   "metadata": {},
   "outputs": [],
   "source": [
    "X_train , X_test , y_train, y_test = train_test_split(X,y , test_size=0.25 , random_state=42,shuffle=True)"
   ]
  },
  {
   "cell_type": "code",
   "execution_count": 75,
   "metadata": {},
   "outputs": [],
   "source": [
    "class Neuron():\n",
    "    def __init__(self,in_features,out_features):\n",
    "        self.weights = np.random.uniform(low = - ((1 / in_features)**0.5) ,high= (1 / in_features)**0.5 , size = (in_features,out_features))    # as in PyTorch\n",
    "        self.bias = np.random.uniform(low = - ((1 / in_features)**0.5) ,high= (1 / in_features)**0.5 , size = (1,out_features))\n",
    "        \n",
    "    def forward(self, X):\n",
    "        return X @ self.weights + self.bias\n",
    "\n",
    "\n",
    "    "
   ]
  },
  {
   "cell_type": "code",
   "execution_count": null,
   "metadata": {},
   "outputs": [],
   "source": [
    "def hidden_unit(X , in_features, out_features):\n",
    "    weights = np.random.uniform(low = - ((1 / in_features)**0.5) ,high= (1 / in_features)**0.5 , size = (in_features,out_features))    # as in PyTorch\n",
    "    bias = np.random.uniform(low = - ((1 / in_features)**0.5) ,high= (1 / in_features)**0.5 , size = (1,out_features))\n",
    "    \n",
    "    return X @ weights + bias\n",
    "\n",
    "def Relu(X):\n",
    "    return np.maximum(X,0)\n",
    "\n",
    "def Softmax(X):\n",
    "    X_exp = np.exp(X)\n",
    "    row_sum = np.sum(X_exp,axis=1,keepdims=True)\n",
    "    return X_exp/row_sum  "
   ]
  },
  {
   "cell_type": "code",
   "execution_count": 76,
   "metadata": {},
   "outputs": [],
   "source": [
    "N_1 = Neuron(4,10)\n",
    "N_2 = Neuron(10,10)\n",
    "N_3 = Neuron(10,4)\n"
   ]
  },
  {
   "cell_type": "code",
   "execution_count": 77,
   "metadata": {},
   "outputs": [],
   "source": [
    "X_1 = Relu(N_1.forward(X))   # it has some weight and bias"
   ]
  },
  {
   "cell_type": "code",
   "execution_count": 78,
   "metadata": {},
   "outputs": [],
   "source": [
    "X_2 = Relu(N_2.forward(X_1)) # it has some weight and bias"
   ]
  },
  {
   "cell_type": "code",
   "execution_count": 79,
   "metadata": {},
   "outputs": [],
   "source": [
    "X_softmax = Softmax(N_3.forward(X_2)) # it has some weight and bias "
   ]
  },
  {
   "cell_type": "code",
   "execution_count": 80,
   "metadata": {},
   "outputs": [
    {
     "data": {
      "text/plain": [
       "array([[0.19601341, 0.38023687, 0.29459736, 0.12915237],\n",
       "       [0.19119685, 0.36921992, 0.30208864, 0.13749459],\n",
       "       [0.19822099, 0.36605168, 0.29997255, 0.13575479],\n",
       "       [0.20074279, 0.35940163, 0.2986001 , 0.14125547],\n",
       "       [0.2001306 , 0.37792394, 0.29289464, 0.12905082],\n",
       "       [0.19999462, 0.38911463, 0.28572131, 0.12516945],\n",
       "       [0.20541225, 0.36314664, 0.29571309, 0.13572803],\n",
       "       [0.19750343, 0.37482956, 0.29471641, 0.13295061],\n",
       "       [0.2002296 , 0.35259826, 0.30259168, 0.14458047],\n",
       "       [0.19413036, 0.36911254, 0.29878061, 0.13797649],\n",
       "       [0.1940731 , 0.39043042, 0.29051911, 0.12497737],\n",
       "       [0.20311966, 0.36713381, 0.29303744, 0.1367091 ],\n",
       "       [0.1933732 , 0.36630197, 0.30149411, 0.13883072],\n",
       "       [0.20109575, 0.35446046, 0.30455508, 0.13988871],\n",
       "       [0.18709684, 0.41000974, 0.28957495, 0.11331847],\n",
       "       [0.1999229 , 0.40587695, 0.28051642, 0.11368373],\n",
       "       [0.19543738, 0.39431257, 0.29067384, 0.11957621],\n",
       "       [0.19600678, 0.37999624, 0.2950124 , 0.12898458],\n",
       "       [0.19138539, 0.39824391, 0.28710594, 0.12326476],\n",
       "       [0.20274038, 0.38136202, 0.28902842, 0.12686918],\n",
       "       [0.19084036, 0.38506075, 0.29264627, 0.13145262],\n",
       "       [0.20085179, 0.38024938, 0.29100619, 0.12789264],\n",
       "       [0.20471192, 0.37027218, 0.29746438, 0.12755153],\n",
       "       [0.19560004, 0.37379895, 0.29504284, 0.13555818],\n",
       "       [0.2064713 , 0.36316317, 0.2890183 , 0.14134723],\n",
       "       [0.19117587, 0.36980456, 0.29956754, 0.13945203],\n",
       "       [0.19860027, 0.37305693, 0.29423425, 0.13410855],\n",
       "       [0.19489119, 0.38215443, 0.29343492, 0.12951945],\n",
       "       [0.19196003, 0.38252231, 0.29627773, 0.12923993],\n",
       "       [0.20153142, 0.36216396, 0.29591648, 0.14038815],\n",
       "       [0.19740491, 0.36441643, 0.29766617, 0.14051249],\n",
       "       [0.18865457, 0.387162  , 0.2960256 , 0.12815782],\n",
       "       [0.20609646, 0.38765226, 0.28363725, 0.12261403],\n",
       "       [0.19977426, 0.39939594, 0.28396301, 0.11686679],\n",
       "       [0.1941235 , 0.36887839, 0.29920108, 0.13779703],\n",
       "       [0.19052013, 0.37682706, 0.30177016, 0.13088265],\n",
       "       [0.1860813 , 0.39436766, 0.29620634, 0.1233447 ],\n",
       "       [0.20241493, 0.37494885, 0.29232728, 0.13030895],\n",
       "       [0.20106714, 0.3547975 , 0.30243926, 0.1416961 ],\n",
       "       [0.19527423, 0.3780296 , 0.29486257, 0.1318336 ],\n",
       "       [0.19713049, 0.37808005, 0.29617367, 0.1286158 ],\n",
       "       [0.18569869, 0.35101577, 0.3138795 , 0.14940604],\n",
       "       [0.2049473 , 0.35659065, 0.29932227, 0.13913978],\n",
       "       [0.20047242, 0.37348536, 0.29350811, 0.13253411],\n",
       "       [0.20731727, 0.37583629, 0.28430723, 0.13253921],\n",
       "       [0.1933576 , 0.36583371, 0.30234027, 0.13846843],\n",
       "       [0.20389093, 0.38028738, 0.28734498, 0.12847671],\n",
       "       [0.20155972, 0.36160248, 0.298416  , 0.13842181],\n",
       "       [0.19632286, 0.38719302, 0.29042582, 0.1260583 ],\n",
       "       [0.19454101, 0.3752059 , 0.29758393, 0.13266916],\n",
       "       [0.18090137, 0.39381474, 0.26405256, 0.16123134],\n",
       "       [0.19308148, 0.37535074, 0.26611598, 0.1654518 ],\n",
       "       [0.182882  , 0.38649721, 0.26310548, 0.16751531],\n",
       "       [0.1884891 , 0.3463841 , 0.28194896, 0.18317784],\n",
       "       [0.18260564, 0.37491561, 0.27028938, 0.17218938],\n",
       "       [0.20036596, 0.34907232, 0.26883711, 0.18172461],\n",
       "       [0.1998033 , 0.36927466, 0.26232607, 0.16859597],\n",
       "       [0.19823482, 0.33726121, 0.28754776, 0.17695621],\n",
       "       [0.18256092, 0.37944271, 0.26834719, 0.16964918],\n",
       "       [0.20415541, 0.33994164, 0.27740525, 0.17849769],\n",
       "       [0.18828   , 0.33530049, 0.29039801, 0.1860215 ],\n",
       "       [0.1974611 , 0.36110463, 0.27168221, 0.16975207],\n",
       "       [0.17515093, 0.36315077, 0.28328936, 0.17840894],\n",
       "       [0.19513209, 0.3603528 , 0.2663362 , 0.17817891],\n",
       "       [0.19642102, 0.35908909, 0.27968685, 0.16480305],\n",
       "       [0.18280078, 0.38694431, 0.26883512, 0.1614198 ],\n",
       "       [0.207693  , 0.34640293, 0.26663045, 0.17927363],\n",
       "       [0.19185541, 0.35824378, 0.27482158, 0.17507924],\n",
       "       [0.17513638, 0.3618642 , 0.27880812, 0.1841913 ],\n",
       "       [0.18994987, 0.35283472, 0.28017008, 0.17704533],\n",
       "       [0.20759525, 0.353014  , 0.26257911, 0.17681163],\n",
       "       [0.18619799, 0.37005644, 0.27675002, 0.16699556],\n",
       "       [0.183104  , 0.36156763, 0.26966796, 0.18566041],\n",
       "       [0.19279055, 0.36010372, 0.2668444 , 0.18026133],\n",
       "       [0.18435222, 0.37680881, 0.27195786, 0.1668811 ],\n",
       "       [0.18290036, 0.38279921, 0.27003369, 0.16426674],\n",
       "       [0.17766111, 0.38265783, 0.26773717, 0.17194389],\n",
       "       [0.18618854, 0.37694559, 0.26357659, 0.17328928],\n",
       "       [0.19559729, 0.35963846, 0.26919929, 0.17556496],\n",
       "       [0.18618595, 0.36267042, 0.28422962, 0.16691401],\n",
       "       [0.18899409, 0.35022383, 0.28265161, 0.17813047],\n",
       "       [0.18807674, 0.3518149 , 0.28366013, 0.17644822],\n",
       "       [0.18993877, 0.36072087, 0.27840087, 0.17093949],\n",
       "       [0.19423934, 0.34978193, 0.26618522, 0.1897935 ],\n",
       "       [0.21196652, 0.33974425, 0.26645145, 0.18183779],\n",
       "       [0.20735647, 0.36244918, 0.26284999, 0.16734437],\n",
       "       [0.18563823, 0.38238249, 0.26537826, 0.16660102],\n",
       "       [0.17428903, 0.36782182, 0.27829064, 0.17959852],\n",
       "       [0.20377455, 0.35255846, 0.27139875, 0.17226825],\n",
       "       [0.19317851, 0.34766054, 0.27928082, 0.17988013],\n",
       "       [0.19932812, 0.34269975, 0.27182205, 0.18615008],\n",
       "       [0.19654701, 0.36241584, 0.2663741 , 0.17466305],\n",
       "       [0.18857509, 0.35867446, 0.27836667, 0.17438379],\n",
       "       [0.19349877, 0.33998027, 0.28927758, 0.17724339],\n",
       "       [0.19748124, 0.34941427, 0.2740701 , 0.17903438],\n",
       "       [0.20233034, 0.35474574, 0.26991957, 0.17300436],\n",
       "       [0.1999014 , 0.35400306, 0.27167848, 0.17441706],\n",
       "       [0.18899672, 0.36984854, 0.27157913, 0.16957561],\n",
       "       [0.19299215, 0.3484386 , 0.29155465, 0.1670146 ],\n",
       "       [0.19654003, 0.35486148, 0.27442043, 0.17417806],\n",
       "       [0.19657442, 0.35633366, 0.26227552, 0.1848164 ],\n",
       "       [0.19508562, 0.34309648, 0.2707195 , 0.1910984 ],\n",
       "       [0.18223205, 0.37726031, 0.25725859, 0.18324905],\n",
       "       [0.19267499, 0.35424811, 0.26244624, 0.19063066],\n",
       "       [0.18967646, 0.35857054, 0.2632402 , 0.1885128 ],\n",
       "       [0.17426687, 0.38466664, 0.25215996, 0.18890653],\n",
       "       [0.20445762, 0.32219063, 0.27870832, 0.19464343],\n",
       "       [0.17808694, 0.37815012, 0.25344802, 0.19031492],\n",
       "       [0.17776641, 0.36204486, 0.26410779, 0.19608094],\n",
       "       [0.19212476, 0.38146425, 0.25224402, 0.17416697],\n",
       "       [0.19645384, 0.36908068, 0.2604183 , 0.17404718],\n",
       "       [0.18685313, 0.36005772, 0.26574704, 0.18734211],\n",
       "       [0.18706836, 0.37248533, 0.260246  , 0.18020031],\n",
       "       [0.19119799, 0.33980516, 0.27534892, 0.19364793],\n",
       "       [0.19457618, 0.34543213, 0.27392399, 0.1860677 ],\n",
       "       [0.1964796 , 0.36284099, 0.26304076, 0.17763866],\n",
       "       [0.19271532, 0.36274181, 0.25973279, 0.18481007],\n",
       "       [0.19028563, 0.39190766, 0.24213296, 0.17567375],\n",
       "       [0.16277604, 0.38062856, 0.25761209, 0.19898331],\n",
       "       [0.18317654, 0.34784839, 0.27190386, 0.19707121],\n",
       "       [0.18882524, 0.37432178, 0.25849806, 0.17835492],\n",
       "       [0.20012476, 0.33971478, 0.27221654, 0.18794392],\n",
       "       [0.16897031, 0.38525905, 0.25266139, 0.19310925],\n",
       "       [0.18764399, 0.36236275, 0.26832392, 0.18166935],\n",
       "       [0.19501535, 0.36839334, 0.25685656, 0.17973475],\n",
       "       [0.18692156, 0.38081478, 0.25086893, 0.18139473],\n",
       "       [0.19134805, 0.36101309, 0.2681435 , 0.17949536],\n",
       "       [0.19938994, 0.35726989, 0.26388452, 0.17945564],\n",
       "       [0.18731278, 0.35666092, 0.26596139, 0.19006491],\n",
       "       [0.18200915, 0.38268928, 0.25369361, 0.18160797],\n",
       "       [0.17454678, 0.38344125, 0.25507622, 0.18693574],\n",
       "       [0.18909186, 0.40290365, 0.23896275, 0.16904174],\n",
       "       [0.18675323, 0.35658198, 0.26695942, 0.18970537],\n",
       "       [0.19180384, 0.36056049, 0.26310906, 0.18452661],\n",
       "       [0.19028101, 0.34606497, 0.26384945, 0.19980458],\n",
       "       [0.17304455, 0.39469475, 0.25376323, 0.17849747],\n",
       "       [0.20030716, 0.35773748, 0.26171754, 0.18023781],\n",
       "       [0.19645783, 0.36004293, 0.25919195, 0.18430729],\n",
       "       [0.20083925, 0.35527885, 0.26495905, 0.17892285],\n",
       "       [0.18750689, 0.37790425, 0.2590248 , 0.17556407],\n",
       "       [0.18879925, 0.36825151, 0.26256988, 0.18037937],\n",
       "       [0.18470759, 0.38201591, 0.26370241, 0.1695741 ],\n",
       "       [0.19508562, 0.34309648, 0.2707195 , 0.1910984 ],\n",
       "       [0.18967474, 0.36838336, 0.25907447, 0.18286743],\n",
       "       [0.19271958, 0.36811326, 0.26076629, 0.17840088],\n",
       "       [0.18795416, 0.37287272, 0.26338915, 0.17578397],\n",
       "       [0.18396918, 0.35937463, 0.26990553, 0.18675066],\n",
       "       [0.19231489, 0.36646581, 0.26209022, 0.17912908],\n",
       "       [0.20286608, 0.35696607, 0.26175436, 0.17841349],\n",
       "       [0.20176807, 0.34818359, 0.26491478, 0.18513356]])"
      ]
     },
     "execution_count": 80,
     "metadata": {},
     "output_type": "execute_result"
    }
   ],
   "source": [
    "X_softmax"
   ]
  }
 ],
 "metadata": {
  "kernelspec": {
   "display_name": "Python 3",
   "language": "python",
   "name": "python3"
  },
  "language_info": {
   "codemirror_mode": {
    "name": "ipython",
    "version": 3
   },
   "file_extension": ".py",
   "mimetype": "text/x-python",
   "name": "python",
   "nbconvert_exporter": "python",
   "pygments_lexer": "ipython3",
   "version": "3.12.0"
  }
 },
 "nbformat": 4,
 "nbformat_minor": 2
}
